2||start
33||{
37|| 
37|| 
37|| 
37|| 
0||0s1i2r3D4e5N6u7m8e9r10e
31||[
1||0110
32||]
35||:
4||number
36||;
37|| 
37|| 
37|| 
37|| 
4||number
37|| 
0||0i
17||=
1||00
36||;
39||	
12||while
37|| 
29||(
0||0i
18||<
1||0110
30||)
33||{
39||	
37|| 
37|| 
37|| 
37|| 
8||read
29||(
0||0s1i2r3D4e5N6u7m8e9r10e
31||[
0||0i
32||]
30||)
36||;
39||	
39||	
0||0s1i2r3D4e5N6u7m8e9r10e
31||[
0||0i
32||]
17||=
0||0i
36||;
39||	
39||	
0||0i
17||=
0||0i
13||+
1||01
36||;
39||	
34||}
39||	
4||number
37|| 
0||0m1a2x
37|| 
17||=
37|| 
0||0s1i2r3D4e5N6u7m8e9r10e
31||[
1||00
32||]
36||;
39||	
12||while
29||(
0||0i
18||<
1||0110
30||)
37|| 
33||{
39||	
39||	
11||if
29||(
0||0s1i2r3D4e5N6u7m8e9r10e
31||[
0||0i
32||]
20||>
0||0m1a2x
30||)
33||{
39||	
39||	
37|| 
39||	
0||0m1a2x
17||=
0||0s1i2r3D4e5N6u7m8e9r10e
31||[
0||0i
32||]
36||;
39||	
39||	
34||}
39||	
34||}
39||	
11||if
29||(
0||0m1a2x
20||>
1||00
30||)
33||{
39||	
37|| 
37|| 
37|| 
37|| 
9||print
29||(
1||0"1M2a3x4i5m6F7r8o9m10A11r12r13a14y15 16I17s18"
30||)
36||;
39||	
37|| 
37|| 
37|| 
37|| 
9||print
29||(
0||0m1a2x
30||)
36||;
39||	
34||}
34||}
3||CiaoCacao
--------------------
00||0
01||1
0m1a2x||max
0110||10
0i||i
0"1M2a3x4i5m6F7r8o9m10A11r12r13a14y15 16I17s18"||"MaximFromArray Is"
0s1i2r3D4e5N6u7m8e9r10e||sirDeNumere
